[gd_scene load_steps=7 format=2]

[ext_resource path="res://Scenes/Maps/Test.tscn" type="PackedScene" id=1]
[ext_resource path="res://Scenes/GameObjects/Player.tscn" type="PackedScene" id=2]
[ext_resource path="res://Scenes/GameObjects/Person.tscn" type="PackedScene" id=3]
[ext_resource path="res://Scenes/GameObjects/ConversationManager.tscn" type="PackedScene" id=4]
[ext_resource path="res://Scripts/GameManager.gd" type="Script" id=5]
[ext_resource path="res://Scenes/GameObjects/MapGenerator.tscn" type="PackedScene" id=6]

[node name="Game" type="Spatial"]
script = ExtResource( 5 )

[node name="MapGenerator" parent="." instance=ExtResource( 6 )]
transform = Transform( 1, 0, 0, 0, 1, 0, 0, 0, 1, 0, 0.800083, 0 )

[node name="DirectionalLight" type="DirectionalLight" parent="."]
transform = Transform( -1, 3.55271e-15, -9.68576e-08, -6.22588e-08, 0.766044, 0.642788, 7.41972e-08, 0.642788, -0.766044, 0, 0, 0 )
shadow_enabled = true

[node name="Test" parent="." instance=ExtResource( 1 )]

[node name="Player" parent="." instance=ExtResource( 2 )]
transform = Transform( 1, 0, 0, 0, 1, 0, 0, 0, 1, 0, 2, 0 )

[node name="ConversationManager" parent="." instance=ExtResource( 4 )]
transform = Transform( 1, 0, 0, 0, 1, 0, 0, 0, 1, -27.9484, 0, 0 )

[node name="Person" parent="ConversationManager" instance=ExtResource( 3 )]
transform = Transform( 0.836248, 0, 0.548352, 0, 1, 0, -0.548352, 0, 0.836248, -2.17799, 3.09944e-05, 1.84065 )

[node name="Person2" parent="ConversationManager" instance=ExtResource( 3 )]
transform = Transform( 0.92315, 0, -0.38444, 0, 1, 0, 0.38444, 0, 0.92315, -3.53609, 0, -3.06937 )

[node name="Person3" parent="ConversationManager" instance=ExtResource( 3 )]
transform = Transform( -0.9509, 0, -0.309498, 0, 1, 0, 0.309498, 0, -0.9509, 3.62591, 0.000105858, -1.3334 )

[node name="ConversationManager2" parent="." instance=ExtResource( 4 )]
transform = Transform( 1, 0, 0, 0, 1, 0, 0, 0, 1, 19.8026, 0, 26.5832 )

[node name="Person" parent="ConversationManager2" instance=ExtResource( 3 )]
transform = Transform( 1, 0, 0, 0, 1, 0, 0, 0, 1, -3.49561, 0.000520229, 0.0276544 )

[node name="Person2" parent="ConversationManager2" instance=ExtResource( 3 )]
transform = Transform( -0.999018, 0, 0.0442993, 0, 1, 0, -0.0442993, 0, -0.999018, 3.49349, 5.24521e-06, 0.118856 )

[node name="ConversationManager3" parent="." instance=ExtResource( 4 )]
transform = Transform( 1, 0, 0, 0, 1, 0, 0, 0, 1, 0, 0, -27.6475 )

[node name="Person" parent="ConversationManager3" instance=ExtResource( 3 )]
transform = Transform( 0.68672, 0, 0.726922, 0, 1, 0, -0.726922, 0, 0.68672, -1.29347, 3.8147e-06, 0.621319 )

[node name="Person2" parent="ConversationManager3" instance=ExtResource( 3 )]
transform = Transform( -0.507704, 0, 0.861532, 0, 1, 0, -0.861532, 0, -0.507704, 2.97347, 1.33514e-05, 4.55852 )

[node name="Person3" parent="ConversationManager3" instance=ExtResource( 3 )]
transform = Transform( -0.958467, 0, -0.285203, 0, 1, 0, 0.285203, 0, -0.958467, 3.2689, 3.8147e-06, -2.06528 )

[node name="Person4" parent="ConversationManager3" instance=ExtResource( 3 )]
transform = Transform( 0.799737, 0, -0.60035, 0, 1, 0, 0.60035, 0, 0.799737, -3.4712, 3.8147e-06, -4.51068 )

[node name="CanvasLayer" type="CanvasLayer" parent="."]

[node name="WinScreen" type="Control" parent="CanvasLayer"]
visible = false
anchor_right = 1.0
anchor_bottom = 1.0

[node name="Label" type="Label" parent="CanvasLayer/WinScreen"]
anchor_right = 1.0
anchor_bottom = 1.0
text = "You win!
You have successfully ruined every single conversation that was happening at this party!"
align = 1
valign = 1
autowrap = true
